NAME: sudoku
TYPE: SUD
COMMENT: 10 sudokus

SUDOKU 1
034000600
002600080
068300007
003001005
059060072
000520046
205906000
000408050
000007004

SUDOKU 2
000504000
000089020
785000000
002346008
040290050
860000000
030007042
400060805
608005030

SUDOKU 3
040000300
036072000
078060400
083000600
000300005
025008070
300004800
000000024
764089530

SUDOKU 4
000074900
000000046
079000300
600728009
980503000
037940050
200000000
008030060
060490023

SUDOKU 5
000000008
098070600
200000759
000080900
006000041
907003005
169000400
003401090
750809030

SUDOKU 6
060200080
080634501
000800060
000005608
240300050
000967002
307000400
025043007
800000000

SUDOKU 7
080693000
020500004
070084350
000070800
037820000
004000000
003000007
040002006
052760000

SUDOKU 8
607005014
539104270
020087960
918006007
000701000
000000090
071500080
290408000
800602049

SUDOKU 9
026030470
000200510
700900020
509000000
000050000
000000307
080009001
034006000
095070640

SUDOKU 10
007001004
130050860
005004000
608000070
000070000
050000903
000900100
072080095
500700400

EOF

